0101010100011010010111010101010010101111100010110101010101000110100101110101010100101011111000101101
0101010100011010010111010101010010101111100010110101010101000110100101110101010100101011111000101101
0101010100011010010111010101010010101111100010110101010101000110100101110101010100101011111000101101
0101010100011010010111010101010010101111100010110101010101000110100101110101010100101011111000101101
0101010100011010010111010101010010101111100010110101010101000110100101110101010100101011111000101101
0101010100011010010111010101010010101111100010110101010101000110100101110101010100101011111000101101
0101010100011010010111010101010010101111100010110101010101000110100101110101010100101011111000101101


01010101000110100101110101010100101011111000101101
01010101000110100101110101010100101011111000101101
01010101000110100101110101010100101011111000101101
01010101000110100101110101010100101011111000101101
01010101000110100101110101010100101011111000101101
01010101000110100101110101010100101011111000101101

0101010100011010010111010101010010101111100010110101010101000110100101110101010100101011111000101101
01010101000110100101110101010100101011111000101101
0101010100011010010111010101010010101111100010110101010101000110100101110101010100101011111000101101
01010101000110100101110101010100101011111000101101
0101010100011010010111010101010010101111100010110101010101000110100101110101010100101011111000101101
0101010100011010010111010101010010101111100010110101010101000110100101110101010100101011111000101101
0101010100011010010111010101010010101111100010110101010101000110100101110101010100101011111000101101
0101010100011010010111010101010010101111100010110101010101000110100101110101010100101011111000101101
0101010100011010010111010101010010101111100010110101010101000110100101110101010100101011111000101101
01010101000110100101110101010100101011111000101101
0101010100011010010111010101010010101111100010110101010101000110100101110101010100101011111000101101
01010101000110100101110101010100101011111000101101


01010101000110100101110101010100101011111000101101
01010101000110100101110101010100101011111000101101
01010101000110100101110101010100101011111000101101
01010101000110100101110101010100101011111000101101
01010101000110100101110101010100101011111000101101
01010101000110100101110101010100101011111000101101
01010101000110100101110101010100101011111000101101
01010101000110100101110101010100101011111000101101
01010101000110100101110101010100101011111000101101
01010101000110100101110101010100101011111000101101
01010101000110100101110101010100101011111000101101
01010101000110100101110101010100101011111000101101